specific_yield:
  type: peatclsm
  sd: 0.16
  theta_s: 0.88
  b:         4.802705524044493E+000
  psi_s:         -3.000000000000000E-001
transmissivity:
  type: peatclsm
  Ksmacz0:     2.723867368656140E+004  # m/s
  alpha:     2.452165124851590E+000  # dimensionless
  zeta_max_cm: 25.0
