specific_yield:
  type: peatclsm
  sd: 0.16
  theta_s: 0.88
  b:         1.332168203568871E+001
  psi_s:         -2.380079449342682E-002
transmissivity:
  type: peatclsm
  Ksmacz0:     1.183297158821644E+003  # m/s
  alpha:     4.109338475862386E+000  # dimensionless
  zeta_max_cm: 3.0
