specific_yield:
  type: peatclsm
  sd: 0.16
  theta_s: 0.88
  b: 7.4
  psi_s: -0.024
transmissivity:
  type: peatclsm
  Ksmacz0:     2.482985809340537E+002  # m/s
  alpha:     1.368722053297749E+000  # dimensionless
  zeta_max_cm: 25.0
