specific_yield:
  type: peatclsm
  sd: 0.16
  theta_s: 0.88
  b:         1.573374292401840E+001
  psi_s:         -7.482347181026276E-003
transmissivity:
  type: peatclsm
  Ksmacz0:     1.126517993663122E+004  # m/s
  alpha:     4.471979045610097E+000  # dimensionless
  zeta_max_cm: 3.0
