specific_yield:
  type: peatclsm
  sd: 0.16
  theta_s: 0.88
  b:   1.942143954499730E+000
  psi_s:   -2.612484140357986E-001
transmissivity:
  type: peatclsm
  Ksmacz0:     4.073697814320987E+005  # m/s
  alpha:     4.088116841391870E+000  # dimensionless
  zeta_max_cm: 17.0
