specific_yield:
  type: peatclsm
  sd: 0.16
  theta_s: 0.88
  b:         1.602160594552335E+001
  psi_s:         -3.000000000000000E-001
transmissivity:
  type: peatclsm
  Ksmacz0:     4.874156792393183E+004  # m/s
  alpha:     2.627686964767706E+000  # dimensionless
  zeta_max_cm: 25.0
