specific_yield:
  type: peatclsm
  sd: 0.16
  theta_s: 0.88
  b:   3.000000000000000E+001
  psi_s:    -8.156827979619260E-004
transmissivity:
  type: peatclsm
  Ksmacz0:     1.017911189162578E+008  # m/s
  alpha:     5.889804685157340E+000  # dimensionless
  zeta_max_cm: 18.0
