specific_yield:
  type: peatclsm
  sd: 0.16
  theta_s: 0.88
  b: 7.4
  psi_s: -0.024
transmissivity:
  type: peatclsm
  Ksmacz0:     1.466421894841375E+002  # m/s
  alpha:     1.272041954536547E+000  # dimensionless
  zeta_max_cm: 32.0
