specific_yield:
  type: peatclsm
  sd: 0.16
  theta_s: 0.88
  b:         1.279759822482518E+001
  psi_s:         -2.716803581094344E-002
transmissivity:
  type: peatclsm
  Ksmacz0:     1.602623414395358E+001  # m/s
  alpha:     2.950453376271188E+000  # dimensionless
  zeta_max_cm: 3.0
