specific_yield:
  type: peatclsm
  sd: 0.16
  theta_s: 0.88
  b:   1.134285600350386E+001
  psi_s:   -3.888726687674007E-002
transmissivity:
  type: peatclsm
  Ksmacz0:     7.726964743887868E+002  # m/s
  alpha:     2.770428944268945E+000  # dimensionless
  zeta_max_cm: 12.0
