specific_yield:
  type: peatclsm
  sd: 0.16
  theta_s: 0.88
  b:   1.126607175391219E+001
  psi_s:   -2.744327581186545E-002
transmissivity:
  type: peatclsm
  Ksmacz0:     9.870334333517047E+004  # m/s
  alpha:     4.156412915092893E+000  # dimensionless
  zeta_max_cm: 8.0
