specific_yield:
  type: peatclsm
  sd: 0.20
  theta_s: 0.88
  b:      7.953852082245348E+000
  psi_s:      -1.068455247431614E-001
transmissivity:
  type: peatclsm
  Ksmacz0:     1.000000000000000E-001  # m/s
  alpha:     1.572434468949581E+000  # dimensionless
  zeta_max_cm: 3.0
