specific_yield:
  type: peatclsm
  sd: 0.16
  theta_s: 0.88
  b:   2.063133971851408E+001
  psi_s:   -5.297033200207544E-003
transmissivity:
  type: peatclsm
  Ksmacz0:     9.062168195044560E+006  # m/s
  alpha:     6.450119324361490E+000  # dimensionless
  zeta_max_cm: 8.0
