specific_yield:
  type: peatclsm
  sd: 0.16
  theta_s: 0.88
  b:   1.813432089850012E+001
  psi_s:   -6.031595572853502E-003
transmissivity:
  type: peatclsm
  Ksmacz0:     1.295675318061770E+005  # m/s
  alpha:     4.570196002310943E+000  # dimensionless
  zeta_max_cm: 12.0
