specific_yield:
  type: peatclsm
  sd: 0.16
  theta_s: 0.88
  b: 1.721561898170181E+001
  psi_s:     -1.275838624701012E-002
transmissivity:
  type: peatclsm
  Ksmacz0:     7.114465902621265E+000  # m/s
  alpha:     3.008855843862229E+000  # dimensionless
  zeta_max_cm: 12.0
