specific_yield:
  type: peatclsm
  sd: 0.134
  theta_s: 0.88
  b: 1.114010443614846E+001
  psi_s:    -3.385820554200242E-002
transmissivity:
  type: peatclsm
  Ksmacz0:     2.575856628628421E-001  # m/s
  alpha:     1.000000000000000E+001  # dimensionless
  zeta_max_cm: 3.0
