specific_yield:
  type: peatclsm
  sd: 0.16
  theta_s: 0.88
  b:         1.128671131525123E+001
  psi_s:         -3.100360698088529E-002
transmissivity:
  type: peatclsm
  Ksmacz0:     4.933418854678806E+002  # m/s
  alpha:     3.264942373134291E+000  # dimensionless
  zeta_max_cm: 3.0
