specific_yield:
  type: peatclsm
  sd: 0.134
  theta_s: 0.88
  b: 1.038895018327866E+001
  psi_s: -4.348200748522751E-002
transmissivity:
  type: peatclsm
  Ksmacz0:     6.569999999999999E+001  # m/s
  alpha:     5.760796102406662E+000  # dimensionless
  zeta_max_cm: 3.0
