specific_yield:
  type: peatclsm
  sd: 0.16
  theta_s: 0.88
  b:   1.770949073774981E+001
  psi_s:   -9.215654813107882E-003
transmissivity:
  type: peatclsm
  Ksmacz0:     6.399266475318839E+004  # m/s
  alpha:     4.433263087794739E+000  # dimensionless
  zeta_max_cm: 12.0
