specific_yield:
  type: peatclsm
  sd: 0.16
  theta_s: 0.88
  b:   4.756911775147129E+000
  psi_s:   -3.000000000000000E-001
transmissivity:
  type: peatclsm
  Ksmacz0:     1.345995387419281E+004  # m/s
  alpha:     2.201525322015417E+000  # dimensionless
  zeta_max_cm: 32.0
