specific_yield:
  type: peatclsm
  sd: 0.16
  theta_s: 0.88
  b:         2.000000000000000E+001
  psi_s:         -5.125004127576373E-003
transmissivity:
  type: peatclsm
  Ksmacz0:     4.491334163781878E+003  # m/s
  alpha:     4.271885660305806E+000  # dimensionless
  zeta_max_cm: 3.0
