specific_yield:
  type: peatclsm
  sd: 0.16
  theta_s: 0.88
  b:   5.819661960997379E+000
  psi_s:    -1.535625992885055E-001
transmissivity:
  type: peatclsm
  Ksmacz0:     4.137786017015051E+005  # m/s
  alpha:     3.715103621153542E+000  # dimensionless
  zeta_max_cm: 25.0
