specific_yield:
  type: peatclsm
  sd: 0.16
  theta_s: 0.88
  b:   2.000000000000000E+001
  psi_s:   -2.638024431132029E-003
transmissivity:
  type: peatclsm
  Ksmacz0:     4.165772570791333E+001  # m/s
  alpha:     1.161995204035615E+000  # dimensionless
  zeta_max_cm: 12.0
