specific_yield:
  type: peatclsm
  sd: 0.16
  theta_s: 0.88
  b:     3.296579970394299E+000
  psi_s:      -2.947666299456813E-001
transmissivity:
  type: peatclsm
  Ksmacz0:     7.382016272507088E+004  # m/s
  alpha:     2.902017433897714E+000  # dimensionless
  zeta_max_cm: 32.0
