specific_yield:
  type: peatclsm
  sd: 0.16
  theta_s: 0.88
  b:    3.000000000000000E+001
  psi_s:    -3.000000000000000E-001
transmissivity:
  type: peatclsm
  Ksmacz0:     1.221987844162868E+006  # m/s
  alpha:     3.934369334897307E+000  # dimensionless
  zeta_max_cm: 25.0
