specific_yield:
  type: peatclsm
  sd: 0.16
  theta_s: 0.88
  b:    1.850564849405717E+000
  psi_s:    -3.000000000000000E-001
transmissivity:
  type: peatclsm
  Ksmacz0:     6.023545879095864E+004  # m/s
  alpha:     2.928996291657772E+000  # dimensionless
  zeta_max_cm: 25.0
