specific_yield:
  type: peatclsm
  sd: 0.16
  theta_s: 0.88
  b: 1.094619200609014E+001
  psi_s: -4.250355649106790E-002
transmissivity:
  type: peatclsm
  Ksmacz0:     7.237018263998360E+001  # m/s
  alpha:     4.185364830574048E+000  # dimensionless
  zeta_max_cm: 12.0
