specific_yield:
  type: peatclsm
  sd: 0.16
  theta_s: 0.88
  b:   1.622052205232366E+000
  psi_s:   -3.000000000000000E-001
transmissivity:
  type: peatclsm
  Ksmacz0:     2.640909153499460E+007  # m/s
  alpha:     5.803608427542523E+000  # dimensionless
  zeta_max_cm: 17.0
