specific_yield:
  type: peatclsm
  sd: 0.16
  theta_s: 0.88
  b:         1.568056521718548E+001
  psi_s:         -2.126483162225769E-002
transmissivity:
  type: peatclsm
  Ksmacz0:     7.735825975516367E+002  # m/s
  alpha:     3.963621520857572E+000  # dimensionless
  zeta_max_cm: 3.0
