specific_yield:
  type: peatclsm
  sd: 0.16
  theta_s: 0.88
  b: 1.138964930032478E+001
  psi_s: -4.514974264451260E-002
transmissivity:
  type: peatclsm
  Ksmacz0:     7.300000000000000E+000  # m/s
  alpha:     3.000000000000000E+000  # dimensionless
  zeta_max_cm: 17.0
