specific_yield:
  type: peatclsm
  sd: 0.16
  theta_s: 0.88
  b: 2.000000000000000E+001
  psi_s: -8.399995689389128E-003
transmissivity:
  type: peatclsm
  Ksmacz0:     1.971000000000000E+002  # m/s
  alpha:     3.297589476483854E+000  # dimensionless
  zeta_max_cm: 12.0
