specific_yield:
  type: peatclsm
  sd: 0.16
  theta_s: 0.88
  b:   3.000000000000000E+001
  psi_s:    -8.958656605661853E-004
transmissivity:
  type: peatclsm
  Ksmacz0:     2.148090785094524E+006  # m/s
  alpha:     4.502751702815809E+000  # dimensionless
  zeta_max_cm: 18.0
