specific_yield:
  type: peatclsm
  sd: 0.16
  theta_s: 0.88
  b: 7.4
  psi_s: -0.024
transmissivity:
  type: peatclsm
  Ksmacz0:     6.493432215832085E+001  # m/s
  alpha:     1.122847556881379E+000  # dimensionless
  zeta_max_cm: 32.0
