specific_yield:
  type: peatclsm
  sd: 0.16
  theta_s: 0.88
  b:         7.724407484151579E+000
  psi_s:         -7.517670686840834E-002
transmissivity:
  type: peatclsm
  Ksmacz0:     1.000000000000000E-001  # m/s
  alpha:     1.000000000000000E+001  # dimensionless
  zeta_max_cm: 3.0
