specific_yield:
  type: peatclsm
  sd: 0.16
  theta_s: 0.88
  b:    2.336261163311946E+000
  psi_s:    -3.000000000000000E-001
transmissivity:
  type: peatclsm
  Ksmacz0:     9.145273338574229E+004  # m/s
  alpha:     3.073893516423806E+000  # dimensionless
  zeta_max_cm: 25.0
