specific_yield:
  type: peatclsm
  sd: 0.134
  theta_s: 0.88
  b: 9.475524809235788E+000
  psi_s: -5.480229516589744E-002
transmissivity:
  type: peatclsm
  Ksmacz0:     4.185200663250937E-001  # m/s
  alpha:     1.000000000000000E+001  # dimensionless
  zeta_max_cm: 3.0
