specific_yield:
  type: peatclsm
  sd: 0.16
  theta_s: 0.88
  b:   1.200963146935603E+001
  psi_s:   -4.366866287878568E-002
transmissivity:
  type: peatclsm
  Ksmacz0:     7.150690503642083E+000  # m/s
  alpha:     3.005902607502884E+000  # dimensionless
  zeta_max_cm: 7.0
