specific_yield:
  type: peatclsm
  sd: 0.16
  theta_s: 0.88
  b:         2.000000000000000E+001
  psi_s:         -9.358313735438016E-003
transmissivity:
  type: peatclsm
  Ksmacz0:     1.333838017837994E+000  # m/s
  alpha:     3.732124354624713E+000  # dimensionless
  zeta_max_cm: 3.0
