specific_yield:
  type: peatclsm
  sd: 0.16
  theta_s: 0.88
  b:     6.464841582015870E+000
  psi_s:      -3.000000000000000E-001
transmissivity:
  type: peatclsm
  Ksmacz0:     4.481249315284185E+004  # m/s
  alpha:     2.761216092480572E+000  # dimensionless
  zeta_max_cm: 32.0
