specific_yield:
  type: peatclsm
  sd: 0.134
  theta_s: 0.88
  b: 1.838693048165531E+001
  psi_s:    -8.363289685537425E-003
transmissivity:
  type: peatclsm
  Ksmacz0:     7.133159739096738E+000  # m/s
  alpha:     3.008034862847781E+000  # dimensionless
  zeta_max_cm: 3.0
