specific_yield:
  type: peatclsm
  sd: 0.16
  theta_s: 0.88
  b:   1.994279992929771E+001
  psi_s:   -1.000000000000000E-002
transmissivity:
  type: peatclsm
  Ksmacz0:     2.543364346668999E+002  # m/s
  alpha:     1.486371311235114E+000  # dimensionless
  zeta_max_cm: 12.0
