specific_yield:
  type: peatclsm
  sd: 0.16
  theta_s: 0.88
  b:      7.400255128384850E+000
  psi_s:       -5.583500663638560E-002
transmissivity:
  type: peatclsm
  Ksmacz0:     7.300000265982637E+000  # m/s
  alpha:     2.999999984210795E+000  # dimensionless
  zeta_max_cm: 17.0
