specific_yield:
  type: peatclsm
  sd: 0.16
  theta_s: 0.88
  b: 1.567705614984056E+001
  psi_s:    -1.973908495485985E-002
transmissivity:
  type: peatclsm
  Ksmacz0:     7.152651155710781E+000  # m/s
  alpha:     3.007251075059558E+000  # dimensionless
  zeta_max_cm: 3.0
