specific_yield:
  type: peatclsm
  sd: 0.16
  theta_s: 0.88
  b:     1.532869190224369E+001
  psi_s:    -2.486584212568901E-002
transmissivity:
  type: peatclsm
  Ksmacz0: 7.3  # m/s
  alpha: 3.0  # dimensionless
  zeta_max_cm: 3.0
