specific_yield:
  type: peatclsm
  sd: 0.16
  theta_s: 0.88
  b:     2.000000000000000E+001
  psi_s:    -8.962336887601304E-004
transmissivity:
  type: peatclsm
  Ksmacz0: 7.3  # m/s
  alpha: 3.0  # dimensionless
  zeta_max_cm: 12.0
