specific_yield:
  type: peatclsm
  sd: 0.20
  theta_s: 0.88
  b:     1.166106168076041E+001
  psi_s:    -6.944137702591660E-002
transmissivity:
  type: peatclsm
  Ksmacz0: 7.3  # m/s
  alpha: 3.0  # dimensionless
  zeta_max_cm: 3.0
