specific_yield:
  type: peatclsm
  sd: 0.134
  theta_s: 0.88
  b:     1.038895018327866E+001
  psi_s:    -4.348200748522751E-002
transmissivity:
  type: peatclsm
  Ksmacz0: 7.3  # m/s
  alpha: 3.0  # dimensionless
  zeta_max_cm: 3.0
