specific_yield:
  type: peatclsm
  sd:      2.723285334649712E-001
  theta_s:       9.836331942784525E-001
  b:     7.389204476723555E+000
  psi_s:    -2.199378583153139E-001
transmissivity:
  type: peatclsm
  Ksmacz0: 7.3  # m/s
  alpha: 3.0  # dimensionless
  zeta_max_cm: 12.0
