specific_yield:
  type: peatclsm
  sd: 0.16
  theta_s: 0.88
  b:     2.000000000000000E+001
  psi_s:    -1.128799545127623E-002
transmissivity:
  type: peatclsm
  Ksmacz0: 7.3  # m/s
  alpha: 3.0  # dimensionless
  zeta_max_cm: 3.0
