specific_yield:
  type: peatclsm
  sd: 0.134
  theta_s: 0.88
  b:     9.475524809235788E+000
  psi_s:    -5.480229516589744E-002
transmissivity:
  type: peatclsm
  Ksmacz0: 7.3  # m/s
  alpha: 3.0  # dimensionless
  zeta_max_cm: 3.0
