specific_yield:
  type: peatclsm
  sd:     1.620000000000000E-001
  theta_s:     8.800000000000000E-001
  b:     7.400000000000000E+000
  psi_s:    -2.400000000000000E-002
transmissivity:
  type: peatclsm
  Ksmacz0:     7.300000000000000E+000  # m/s
  alpha:     3.000000000000000E+000  # dimensionless
  zeta_max_cm: 5.0
