specific_yield:
  type: peatclsm
  sd:     2.226607072711050E-001
  theta_s:     1.387440883208067E-001
  b:     2.253170001066463E+000
  psi_s:    -1.000000000000000E-002
transmissivity:
  type: peatclsm
  Ksmacz0: 7.3  # m/s
  alpha: 3  # dimensionless
  zeta_max_cm: 5.0
